FEEDER_NAME=hpradar.com

#HOME 136/3/68
FEEDER_ALT_FT=32.8084
FEEDER_ALT_M=10
FEEDER_LAT=20.85557 
FEEDER_LONG=106.64936
FEEDER_TZ=Asia/Ho_Chi_Minh


MF_UUID=95067d1b-f6cc-4548-b63a-be122c354874

ADSBEX_UUID=4badc21a-6b12-11ec-95ed-0242ac110002
